107.50
107.50
107.50
107.50
107.50
107.50
107.50
107.50
107.50
107.50
107.50
107.50
107.50
107.50
107.50
107.50
107.50
107.50
107.50
107.50
107.50
107.50
107.50
107.50
107.50
107.50
107.50
107.50
107.50
107.50
107.50
107.50
107.50
107.50
107.50
107.50
107.50
107.50
107.50
107.50
107.50
107.50
107.50
107.50
107.50
107.50
107.50
107.50
107.50
107.50
107.50
107.50
107.50
107.50
107.50
107.50
107.50
107.50
107.50
107.50
107.50
107.50
107.50
107.50
107.50
107.50
107.50
107.50
107.50
107.50
107.50
107.50
107.50
107.50
107.50
107.50
107.50
107.50
107.50
107.50
107.50
107.50
107.50
107.50
107.50
107.50
107.50
-205.00
-205.00
-205.00
-205.00
-205.00
-205.00
-205.00
-205.00
-205.00
-205.00
-205.00
-205.00
-205.00
-205.00
-205.00
-205.00
-205.00
-205.00
-205.00
-205.00
-205.00
-205.00
-205.00
-205.00
-205.00
-205.00
-205.00
-205.00
-205.00
-205.00
-205.00
-205.00
-205.00
-205.00
-205.00
