45.96
-154.04
-229.04
-154.04
70.96
45.96
8.46
33.46
-154.04
58.46
45.96
108.46
20.96
-116.54
20.96
20.96
58.46
45.96
58.46
20.96
20.96
20.96
20.96
70.96
-141.54
-104.04
95.96
70.96
70.96
8.46
8.46
20.96
33.46
8.46
-129.04
-154.04
-279.04
-129.04
45.96
8.46
58.46
45.96
-141.54
45.96
214.71
20.96
152.21
8.46
158.46
-154.04
33.46
20.96
20.96
33.46
8.46
45.96
-141.54
58.46
-141.54
45.96
-116.54
95.96
95.96
8.46
20.96
8.46
8.46
20.96
20.96
20.96
45.96
45.96
45.96
20.96
8.46
20.96
8.46
20.96
8.46
-129.04
-116.54
20.96
214.71
95.96
-141.54
20.96
8.46
83.46
45.96
89.71
45.96
195.96
20.96
-154.04
70.96
83.46
20.96
45.96
20.96
8.46
95.96
45.96
-141.54
-129.04
-116.54
20.96
-104.04
33.46
8.46
33.46
20.96
20.96
-141.54
158.46
83.46
33.46
45.96
-91.54
45.96
45.96
27.21
-391.54
20.96
20.96
464.71
-91.54
20.96
20.96
20.96
45.96
-116.54
20.96
45.96
